$ANSIBLE_VAULT;1.1;AES256
30613831346337323036643832373961333264363833366334313861613031646363636663313566
6665356365646663333661343562326633333838313463320a633432383435666631666263343566
36316566613164623135306466663532333163646530313532623633353361613731313938313633
3730363531623430300a393461323130336638376336663139313833363838386230393932303063
63303666666437343237383832636438663931633136363930656437376333326164393532303730
35313266336165653737313432646661613766333038316435396438373035623939623731636166
36626165336536313532653066306163306563616332393238306331346631663434313263613064
38386335396262646238333333633639393931356430363963613762363731353832613937663764
32333863376365623263386166646536383165653035383032646362623561363165343337323165
37656537313562613661393833313537316430396335656134313832396165623931363662643532
37346264313636366232633366643666386433353431356563383866373533646137393336356530
37343033323536633334653866663063356434613738326535396437656564343634656463303861
39313761336236626266653564313135323735383861313430323533393365613239393535633662
36366635383839353635616563633235656232633163636633643236633532396136306431623535
63356636666362383530663337333437663162633332383136626465326334613432653264616631
35313738336531313166376464343636373634306461393937343065333863313665383363373465
34363432326539646537393230376436663137346662393537326531343634363734363134306162
38316265366431356564653762663261306135666535303962393230643936656334383735356362
35313663383932663631386366313331373838633435393834336565663162626139363535353539
30393337356531623163343236646434363066386233313538633234636462663736366161623564
64656236323535326236396465386136656339366266363532626566343533303966303436616562
36363563343830646533306238633661613565623163393066666439616130376164303866343463
63343630366463663037623436383562326330353638343630643763313265666336616437663439
64306536636331386334613736346332643162383238623538376564323733323534616635376532
3438
